1 径河站	114.127158,30.665858
2 三店站	114.127236,30.655831
3 码头潭公园站	114.13019,30.638049
4 东吴大道站	114.135089,30.631321
5 五环大道站	114.145519,30.623881
6 额头湾站	114.162298,30.624475
7 竹叶海站	114.17018,30.621161
8 舵落口站	114.176241,30.61563
9古田一路站       114.198906,30.598967
10古田二路站      114.203203,30.603293
11古田三路站      114.211207,30.599326
12古田四路站      114.218272,30.595209
13汉西一路站      114.225275,30.591626
14宗关站          114.232745,30.586539
15太平洋站        114.247094,30.58047
16~口路站        114.256887,30.577864
17崇仁路站        114.268589,30.580122
18利济北路站      114.276715,30.583472
19友谊路站          114.28507,30.586867
20循礼门站        114.293086,30.591193
21大智路站        114.301002,30.598363
22三阳路站        114.308057,30.604785
23黄浦路站        114.313981,30.614095
24头道街站        114.320571,30.623665
25二七路站        114.325408,30.630903
26徐州新村站      114.329524,30.637116
27丹水池站        114.336621,30.64975
28新荣站          114.341117,30.6621
29堤角站          114.344766,30.672014
30滕子岗站         114.347979,30.680864
31滠口新城站       114.348816,30.690343
32汉口北站        114.336081,30.717696
1天河机场站       114.222778,30.77631
2航空总部站       114.233811,30.73854
3宋家岗站         114.243767,30.729427
4巨龙大道站       114.260695,30.717588
5盘龙城站         114.224183,30.722034
6宏图大道站       114.285435,30.675397
7常青城站         114.261625,30.66491
8金银潭站         114.249307,30.656827
9常青花园站       114.249447,30.646971
10长港路站        114.252638,30.633228
11汉口火车站站       114.260847,30.625339
12 范湖站 114.267144,30.613151
13 王家墩东站 114.26321,30.593704
14 青年路站 114.26487,30.585108
15 中山公园站 114.27271,30.582006
16 循礼门站 114.286026,30.585188
17 江汉路站 114.29077,30.579346
18 积玉桥站 114.30876,30.56131
19 螃蟹岬站 114.317345,30.553358
20 小龟山站 114.32667,30.551134
21 洪山广场站 114.33642,30.545437
22 中南路站 114.339522,30.543746
23 宝通寺站 114.34111,30.530342
24 街道口站 114.35371,30.526537
25 广埠屯站 114.363914,30.522678
26 虎泉站 114.377086,30.518404
27 杨家湾站 114.389276,30.511285
28 光谷广场站 114.403914,30.511717
29 珞雄路站 114.410435,30.512444
30 华中科技大学站 114.420859,30.513102
31 光谷大道站 114.430391,30.512292
32 佳园路站 114.437397,30.505767
33 光谷火车站站 114.43644,30.493412
34 黄龙山路站 114.436919,30.482962
35 金融港北站 114.427267,30.467751
36 秀湖站 114.427577,30.453413
37 藏龙东街站 114.436207,30.442838
38 佛祖岭站 114.446341,30.444579
1 宏图大道站 114.285435,30.675397
2 市民之家站 114.29695,30.661282
3 后湖大道站 114.30405,30.650084
4 兴业路站 114.310849,30.647047
5 二七小路站 114.314333,30.634436
6 罗家庄站 114.310659,30.629465
7 赵家条站 114.303754,30.623195
8 惠济二路站 114.29796,30.618623
9 香港路站 114.291137,30.610857
10 菱角湖站 114.27589,30.604055
11 范湖站 114.267144,30.613151
12 云飞路站 114.25222,30.605162
13 武汉商务区站 114.24695,30.597612
14 双墩站 114.23848,30.592892
15 宗关站 114.232745,30.586539
16 王家湾站 114.21013,30.56196
17 龙阳村站 114.20618,30.5528
18 陶家岭站 114.201965,30.545563
19 四新大道站 114.201159,30.540655
20 汉阳客运站站 114.18914,30.527876
21 三角湖站 114.17961,30.516397
22 体育中心站 114.16856,30.49875
23 东风公司站 114.168236,30.499111
24 沌阳大道站 114.157234,30.489431
1 武汉火车站站 114.431235,30.612907
2 杨春湖站 114.422838,30.61087
3 工业四路站 114.40588,30.60789
4 仁和路站 114.395726,30.611186
5 园林路站 114.378265,30.600237
6 罗家港站 114.3716,30.592197
7 铁机路站 114.375571,30.59024
8 岳家嘴站 114.36166,30.57679
9 东亭站 114.35409,30.570751
10 青鱼嘴站 114.34952,30.563549
11 楚河汉街站 114.34646,30.553383
12 洪山广场站 114.33642,30.545437
13 中南路站 114.339522,30.543746
14 梅苑小区站 114.332644,30.536886
15 武昌火车站站 114.31636,30.530767
16 首义路站 114.30898,30.533558
17 复兴路站 114.30102,30.53426
18 拦江路站 114.269226,30.542904
19 钟家村站 114.26615,30.549698
20 汉阳火车站站 114.25293,30.55172
21 五里墩站 114.248024,30.560135
22 七里庙站 114.238136,30.562881
23 十里铺站 114.22574,30.565465
24 王家湾站 114.21013,30.56196
25 玉龙路站 114.207962,30.570333
26 永安堂站 114.195732,30.572087
27 孟家铺站 114.180483,30.570598
28 黄金口站 114.151836,30.570213
29 新天站 114.132833,30.55856
30 集贤站 114.118912,30.55639
31 知音站 114.09859,30.562875
32 新农站 114.081462,30.56623
33 凤凰路站 114.066908,30.56908
34 蔡甸广场站 114.04171,30.574322
35 临嶂大道站 114.03491,30.577783
36 新庙村站 114.015763,30.586126
37 柏林站 114.001592,30.588532
1 富民南路站  114.109374,30.628094
2 码头谭公园站 114.115321 30.635654
3 临空港大道站 114.13794,30.64602
4 二雅路站 114.15674,30.6259
5 金银湖停车场站 114.177561,30.640628
6 金银湖公园站 114.187526,30.642531
7 金银湖站 114.20494,30.639305
8 园博园北站 114.222595,30.637987
9 轻工大学站 114.240892,30.645967
10 常青花园站 114.249447,30.646971
11 杨汊湖站 114.267642,30.641789
12 石桥站 114.26529,30.630577
13 唐家墩站 114.27146,30.617048
14 三眼桥站 114.27574,30.610386
15 香港路站 114.291137,30.610857
16 苗栗路站 114.296418,30.604683
17 大智路站 114.294106,30.592545
18 江汉路站 114.29077,30.579346
19 六渡桥站 114.28425,30.574978
20 汉正街站 114.281274,30.577236
21 武胜路站 114.275277,30.575414
22 琴台站 114.272594,30.563565
23 钟家村站 114.26615,30.549698
24 马鹦路站 114.266785,30.537798
25 建港站 114.266208,30.53294
26 前进村站 114.25335,30.520132
27 国博中心北站 114.242645,30.51058
28 国博中心南站 114.242742,30.512463
29 老关村站 114.232388,30.499184
30 江城大道站 114.20248,30.496244
31 车城东路站 114.186686,30.501204
32 东风公司站 114.168236,30.499111
1 黄陂广场站 114.381796,30.886694
2 百泰路站 114.391298,30.891236
3 北车基地站 114.347619,30.896301
4 余彭G站 114.323031,30.864249
5 横店站 114.30493,30.812887
6 临空北路站 114.2759,30.784988
7 天阳路站 114.314688,30.746828
8 腾龙大道站 114.278103,30.73038
9 巨龙大道站 114.260695,30.717588
10 汤云海站 114.256403,30.705882
11 马池站 114.22629,30.654589
12 园博园北站 114.229556,30.643275
13 园博园站 114.22084,30.619392
14 常码头站 114.241047,30.611067
15 武汉商务区站 114.253159,30.603018
16 王家墩东站 114.26321,30.593704
17 取水楼站 114.281208,30.603604
18 香港路站 114.291137,30.610857
19 三阳路站 114.308057,30.604785
20 徐家棚站 114.341902,30.597694
21 湖北大学站 114.335981,30.583783
22 新河街站 114.323739,30.568527
23 螃蟹岬站 114.323955,30.558887
24 小东门站 114.3243,30.543253
25 武昌火车站站 114.323383,30.537436
26 瑞安街站 114.32628,30.51272
27 建安街站 114.318375,30.50426
28 湖工大站 114.319912,30.489406
29 板桥站 114.31349,30.468077
30 野芷湖站 114.326036,30.467234
31 新路村站 114.324926,30.447444
32 大花岭站 114.326696,30.418254
33 江夏客厅站 114.328222,30.395202
34 谭鑫培公园站 114.328473,30.376246
35 北华街站 114.330071,30.364093
36 纸坊大街站 114.33106,30.35091
37 青龙山地铁小镇站 114.340663,30.324948
1 金潭路站 114.29055,30.682707
2 宏图大道站 114.27823,30.66935
3 塔子湖站 114.28035,30.652397
4 中一路站 114.282166,30.634718
5 竹叶山站 114.28736,30.625122
6 赵家条站 114.303754,30.623195
7 黄浦路站 114.306915,30.608315
8 徐家棚站 114.33591,30.591965
9 徐东站 114.345436,30.588556
10 汪家墩站 114.355984,30.591793
11 岳家嘴站 114.36166,30.57679
12 梨园站 114.3697,30.574947
13 省博湖北日报站 114.371767,30.571319
14 中南医院站 114.363427,30.563138
15 水果湖站 114.34833,30.556864
16 洪山路站 114.35014,30.551753
17 小洪山站 114.34666,30.534184
18 街道口站 114.35371,30.526537
19 马房山站 114.34703,30.522388
20 文治街站 114.334348,30.509877
21 文昌路站 114.33071,30.497564
22 省农科院站 114.32795,30.49027
23 马湖站 114.31368,30.469513
24 野芷湖站 114.34738,30.467583
25 黄家湖地铁小镇站 114.298035,30.436735
26 军运村站 114.301807,30.433139
